PreTerminal RT
1979	1.00000	1.00000	1.00000	1.00000	1.00000	1.00000	1.00000	1.00000	1.00000	1.00000	1.00000	1.00000	1.00000	1.00000	1.00000	1.00000	1.00000	1.00000	1.00000	1.00000	1.00000	1.00000	1.00000	1.00000	1.00000	
1980	1.00000	1.00000	1.00000	1.00000	1.00000	1.00000	1.00000	1.00000	1.00000	1.00000	1.00000	1.00000	1.00000	1.00000	1.00000	1.00000	1.00000	1.00000	1.00000	1.00000	1.00000	1.00000	1.00000	1.00000	1.00000	
1981	1.00000	1.00000	1.00000	1.00000	1.00000	1.00000	1.00000	1.00000	1.00000	1.00000	1.00000	1.00000	1.00000	1.00000	1.00000	1.00000	1.00000	1.00000	1.00000	1.00000	1.00000	1.00000	1.00000	1.00000	1.00000	
1982	1.00000	1.00000	1.00000	1.00000	1.00000	1.00000	1.00000	1.00000	1.00000	1.00000	1.00000	1.00000	1.00000	1.00000	1.00000	1.00000	1.00000	1.00000	1.00000	1.00000	1.00000	1.00000	1.00000	1.00000	1.00000	
1983	1.00000	1.00000	1.00000	1.00000	1.00000	1.00000	1.00000	1.00000	1.00000	1.00000	1.00000	1.00000	1.00000	1.00000	1.00000	1.00000	1.00000	1.00000	1.00000	1.00000	1.00000	1.00000	1.00000	1.00000	1.00000	
1984	1.00000	1.00000	1.00000	1.00000	1.00000	1.00000	1.00000	1.00000	1.00000	1.00000	1.00000	1.00000	1.00000	1.00000	1.00000	1.00000	1.00000	1.00000	1.00000	1.00000	1.00000	1.00000	1.00000	1.00000	1.00000	
1985	0.59832	1.06812	0.25452	0.82506	0.53984	0.33103	0.84146	0.79957	0.62388	1.00000	1.00000	1.00000	1.00000	1.00000	1.00000	1.00000	1.00000	0.76094	0.56306	1.00000	0.47912	1.00000	1.00000	1.70462	1.00000	
1986	0.64396	0.73946	0.61170	0.78641	0.44289	0.41162	0.74229	0.47912	0.69270	1.00000	1.00000	1.00000	1.00000	1.00000	1.00000	1.00000	1.00000	0.62199	0.67996	1.00000	0.30823	1.00000	1.00000	1.20354	1.00000	
1987	0.55520	0.90182	0.92304	0.89713	0.38170	0.72388	0.50947	0.32632	0.61816	1.00000	1.00000	1.00000	1.00000	1.00000	1.00000	1.00000	1.00000	0.57553	0.71405	1.00000	0.46233	1.00000	1.00000	1.13477	1.00000	
1988	0.40343	0.71729	0.37797	1.26218	1.06241	0.38529	0.56066	0.52818	0.74789	1.00000	1.00000	1.00000	1.00000	1.00000	1.00000	1.00000	1.00000	0.49506	0.97802	1.00000	0.30593	1.00000	1.00000	1.20617	1.00000	
1989	0.46927	1.08311	0.21336	0.70604	0.84621	0.41963	0.59519	0.70376	0.85600	1.00000	1.00000	1.00000	1.00000	1.00000	1.00000	1.00000	1.00000	0.80438	1.97969	1.00000	0.37039	1.00000	1.00000	1.42264	1.00000	
1990	0.54251	0.84642	0.29206	1.04845	0.97910	0.32222	0.47624	0.54823	1.39928	1.00000	1.00000	1.00000	1.00000	1.00000	1.00000	1.00000	1.00000	1.09747	1.68933	1.00000	0.73417	1.00000	1.00000	1.73489	1.00000	
1991	0.48223	1.01048	0.32028	0.87315	0.65389	0.50572	0.48417	0.71206	1.60487	1.00000	1.00000	1.00000	1.00000	1.00000	1.00000	1.00000	1.00000	1.28651	1.60704	1.00000	0.27035	1.00000	1.00000	1.68406	1.00000	
1992	0.38089	0.80730	0.55654	1.31059	0.80844	0.37835	0.56250	0.65177	0.43656	1.00000	1.00000	1.00000	1.00000	1.00000	1.00000	1.00000	1.00000	1.11926	1.59120	1.00000	0.34549	1.00000	1.00000	1.33724	1.00000	
1993	0.56253	0.90209	0.35617	1.00000	0.69306	0.30120	0.64726	0.68365	0.42182	1.00000	1.00000	1.00000	1.00000	1.00000	1.00000	1.00000	1.00000	1.00000	1.00000	1.00000	0.35944	1.00000	1.00000	1.00000	1.00000	
1994	0.43550	0.77813	0.28303	1.00000	0.56679	0.26223	0.50357	0.53672	0.39789	1.00000	1.00000	1.00000	1.00000	1.00000	1.00000	1.00000	1.00000	1.00000	1.00000	1.00000	0.33066	1.00000	1.00000	1.00000	1.00000	
1995	0.39890	0.75024	0.28078	1.00000	0.57254	0.29314	0.44889	0.51914	0.38598	1.00000	1.00000	1.00000	1.00000	1.00000	1.00000	1.00000	1.00000	1.00000	1.00000	1.00000	0.33141	1.00000	1.00000	1.00000	1.00000	
1996	0.40801	0.75789	0.27702	1.00000	0.55380	0.26707	0.45080	0.51182	0.35609	1.00000	1.00000	1.00000	1.00000	1.00000	1.00000	1.00000	1.00000	1.00000	1.00000	1.00000	0.31926	1.00000	1.00000	1.00000	1.00000	
1997	0.40265	0.74094	0.25776	0.98879	0.52248	0.22968	0.44533	0.49656	0.35120	1.00000	1.00000	1.00000	1.00000	1.00000	1.00000	1.00000	1.00000	1.00000	1.00000	1.00000	0.30722	1.00000	1.00000	0.93802	1.00000	
1998	0.38659	0.72264	0.24662	0.94312	0.51603	0.21591	0.42862	0.48061	0.34815	1.00000	1.00000	1.00000	1.00000	1.00000	1.00000	1.00000	1.00000	0.98030	1.00000	1.00000	0.30688	1.00000	1.00000	0.86418	1.00000	
1999	0.38181	0.71737	0.24740	0.95758	0.51851	0.22191	0.42208	0.47563	0.34257	1.00000	1.00000	1.00000	1.00000	1.00000	1.00000	1.00000	1.00000	0.97456	1.00000	1.00000	0.30393	1.00000	1.00000	0.88846	1.00000	
2000	0.38373	0.71633	0.24598	0.95781	0.50588	0.21641	0.42202	0.47505	0.33567	1.00000	1.00000	1.00000	1.00000	1.00000	1.00000	1.00000	1.00000	0.97746	1.00000	1.00000	0.29580	1.00000	1.00000	0.89056	1.00000	
2001	0.38180	0.71190	0.23881	0.91630	0.49040	0.20178	0.41856	0.46904	0.33151	1.00000	1.00000	1.00000	1.00000	1.00000	1.00000	1.00000	1.00000	0.96760	1.00000	1.00000	0.29008	1.00000	1.00000	0.82651	1.00000	
2002	0.37658	0.70637	0.23350	0.88859	0.48460	0.19471	0.41269	0.46355	0.33186	1.00000	1.00000	1.00000	1.00000	1.00000	1.00000	1.00000	1.00000	0.95352	1.00000	1.00000	0.28787	1.00000	1.00000	0.79032	1.00000	
2003	0.37369	0.70363	0.23251	0.89025	0.48259	0.19560	0.41000	0.46188	0.33047	1.00000	1.00000	1.00000	1.00000	1.00000	1.00000	1.00000	1.00000	0.94729	1.00000	1.00000	0.28606	1.00000	1.00000	0.79978	1.00000	
2004	0.37422	0.70275	0.23270	0.89860	0.48182	0.19428	0.40964	0.46131	0.32757	1.00000	1.00000	1.00000	1.00000	1.00000	1.00000	1.00000	1.00000	0.94870	1.00000	1.00000	0.28475	1.00000	1.00000	0.80806	1.00000	
Terminal RT
1979	1.00000	1.00000	1.00000	1.00000	1.00000	1.00000	1.00000	1.00000	1.00000	1.00000	1.00000	1.00000	1.00000	1.00000	1.00000	1.00000	1.00000	1.00000	1.00000	1.00000	1.00000	1.00000	1.00000	1.00000	1.00000	
1980	1.00000	1.00000	1.00000	1.00000	1.00000	1.00000	1.00000	1.00000	1.00000	1.00000	1.00000	1.00000	1.00000	1.00000	1.00000	1.00000	1.00000	1.00000	1.00000	1.00000	1.00000	1.00000	1.00000	1.00000	1.00000	
1981	1.00000	1.00000	1.00000	1.00000	1.00000	1.00000	1.00000	1.00000	1.00000	1.00000	1.00000	1.00000	1.00000	1.00000	1.00000	1.00000	1.00000	1.00000	1.00000	1.00000	1.00000	1.00000	1.00000	1.00000	1.00000	
1982	1.00000	1.00000	1.00000	1.00000	1.00000	1.00000	1.00000	1.00000	1.00000	1.00000	1.00000	1.00000	1.00000	1.00000	1.00000	1.00000	1.00000	1.00000	1.00000	1.00000	1.00000	1.00000	1.00000	1.00000	1.00000	
1983	1.00000	1.00000	1.00000	1.00000	1.00000	1.00000	1.00000	1.00000	1.00000	1.00000	1.00000	1.00000	1.00000	1.00000	1.00000	1.00000	1.00000	1.00000	1.00000	1.00000	1.00000	1.00000	1.00000	1.00000	1.00000	
1984	1.00000	1.00000	1.00000	1.00000	1.00000	1.00000	1.00000	1.00000	1.00000	1.00000	1.00000	1.00000	1.00000	1.00000	1.00000	1.00000	1.00000	1.00000	1.00000	1.00000	1.00000	1.00000	1.00000	1.00000	1.00000	
1985	1.00000	1.00000	1.00000	1.00000	1.00000	1.00000	0.84146	0.79957	0.62388	1.00000	1.00000	1.00000	1.00000	1.00000	1.00000	1.00000	1.00000	1.00000	1.00000	1.00000	1.00000	1.00000	1.00000	1.00000	1.00000	
1986	1.00000	1.00000	1.00000	1.00000	1.00000	1.00000	0.74229	0.47912	0.69270	1.00000	1.00000	1.00000	1.00000	1.00000	1.00000	1.00000	1.00000	1.00000	1.00000	1.00000	1.00000	1.00000	1.00000	1.00000	1.00000	
1987	1.00000	1.00000	1.00000	1.00000	1.00000	1.00000	0.50947	0.32632	0.61816	1.00000	1.00000	1.00000	1.00000	1.00000	1.00000	1.00000	1.00000	1.00000	1.00000	1.00000	1.00000	1.00000	1.00000	1.00000	1.00000	
1988	1.00000	1.00000	1.00000	1.00000	1.00000	1.00000	0.56066	0.52818	0.74789	1.00000	1.00000	1.00000	1.00000	1.00000	1.00000	1.00000	1.00000	1.00000	1.00000	1.00000	1.00000	1.00000	1.00000	1.00000	1.00000	
1989	1.00000	1.00000	1.00000	1.00000	1.00000	1.00000	0.59519	0.70376	0.85600	1.00000	1.00000	1.00000	1.00000	1.00000	1.00000	1.00000	1.00000	1.00000	1.00000	1.00000	1.00000	1.00000	1.00000	1.00000	1.00000	
1990	1.00000	1.00000	1.00000	1.00000	1.00000	1.00000	0.47624	0.54823	1.39928	1.00000	1.00000	1.00000	1.00000	1.00000	1.00000	1.00000	1.00000	1.00000	1.00000	1.00000	1.00000	1.00000	1.00000	1.00000	1.00000	
1991	1.00000	1.00000	1.00000	1.00000	1.00000	1.00000	0.48417	0.71206	1.60487	1.00000	1.00000	1.00000	1.00000	1.00000	1.00000	1.00000	1.00000	1.00000	1.00000	1.00000	1.00000	1.00000	1.00000	1.00000	1.00000	
1992	1.00000	1.00000	1.00000	1.00000	1.00000	1.00000	0.56250	0.65177	0.43656	1.00000	1.00000	1.00000	1.00000	1.00000	1.00000	1.00000	1.00000	1.00000	1.00000	1.00000	1.00000	1.00000	1.00000	1.00000	1.00000	
1993	1.00000	1.00000	1.00000	1.00000	1.00000	1.00000	0.64726	0.68365	0.42182	1.00000	1.00000	1.00000	1.00000	1.00000	1.00000	1.00000	1.00000	1.00000	1.00000	1.00000	1.00000	1.00000	1.00000	1.00000	1.00000	
1994	1.00000	1.00000	1.00000	1.00000	1.00000	1.00000	0.50357	0.53672	0.39789	1.00000	1.00000	1.00000	1.00000	1.00000	1.00000	1.00000	1.00000	1.00000	1.00000	1.00000	1.00000	1.00000	1.00000	1.00000	1.00000	
1995	1.00000	1.00000	1.00000	1.00000	1.00000	1.00000	0.44889	0.51914	0.38598	1.00000	1.00000	1.00000	1.00000	1.00000	1.00000	1.00000	1.00000	1.00000	1.00000	1.00000	1.00000	1.00000	1.00000	1.00000	1.00000	
1996	1.00000	1.00000	1.00000	1.00000	1.00000	1.00000	0.45080	0.51182	0.35609	1.00000	1.00000	1.00000	1.00000	1.00000	1.00000	1.00000	1.00000	1.00000	1.00000	1.00000	1.00000	1.00000	1.00000	1.00000	1.00000	
1997	1.00000	1.00000	1.00000	1.00000	1.00000	1.00000	0.44533	0.49656	0.35120	1.00000	1.00000	1.00000	1.00000	1.00000	1.00000	1.00000	1.00000	1.00000	1.00000	1.00000	1.00000	1.00000	1.00000	1.00000	1.00000	
1998	1.00000	1.00000	1.00000	1.00000	1.00000	1.00000	0.42862	0.48061	0.34815	1.00000	1.00000	1.00000	1.00000	1.00000	1.00000	1.00000	1.00000	1.00000	1.00000	1.00000	1.00000	1.00000	1.00000	1.00000	1.00000	
1999	1.00000	1.00000	1.00000	1.00000	1.00000	1.00000	0.42208	0.47563	0.34257	1.00000	1.00000	1.00000	1.00000	1.00000	1.00000	1.00000	1.00000	1.00000	1.00000	1.00000	1.00000	1.00000	1.00000	1.00000	1.00000	
2000	1.00000	1.00000	1.00000	1.00000	1.00000	1.00000	0.42202	0.47505	0.33567	1.00000	1.00000	1.00000	1.00000	1.00000	1.00000	1.00000	1.00000	1.00000	1.00000	1.00000	1.00000	1.00000	1.00000	1.00000	1.00000	
2001	1.00000	1.00000	1.00000	1.00000	1.00000	1.00000	0.41856	0.46904	0.33151	1.00000	1.00000	1.00000	1.00000	1.00000	1.00000	1.00000	1.00000	1.00000	1.00000	1.00000	1.00000	1.00000	1.00000	1.00000	1.00000	
2002	1.00000	1.00000	1.00000	1.00000	1.00000	1.00000	0.41269	0.46355	0.33186	1.00000	1.00000	1.00000	1.00000	1.00000	1.00000	1.00000	1.00000	1.00000	1.00000	1.00000	1.00000	1.00000	1.00000	1.00000	1.00000	
2003	1.00000	1.00000	1.00000	1.00000	1.00000	1.00000	0.41000	0.46188	0.33047	1.00000	1.00000	1.00000	1.00000	1.00000	1.00000	1.00000	1.00000	1.00000	1.00000	1.00000	1.00000	1.00000	1.00000	1.00000	1.00000	
2004	1.00000	1.00000	1.00000	1.00000	1.00000	1.00000	0.40964	0.46131	0.32757	1.00000	1.00000	1.00000	1.00000	1.00000	1.00000	1.00000	1.00000	1.00000	1.00000	1.00000	1.00000	1.00000	1.00000	1.00000	1.00000	
